000000.jpg 0.0807888 50 0 0
000001.jpg 0.0807888 0 2 0
000002.jpg 0.0776031 11 2 0
000003.jpg 0.1711242 16.5 2 0
000004.jpg 0.3333333 22 2 0
000005.jpg 0.3333333 27.5 2 0
000006.jpg 0.3333333 27.5 2 0
000007.jpg 0.3333333 27.5 2 0
000008.jpg 0.3333333 27.5 2 0
000009.jpg 0.3333333 27.5 2 0
000010.jpg 0.3333333 27.5 2 0
000011.jpg 0.3333333 27.5 2 0
000012.jpg 0.3333333 27.5 2 0
000013.jpg 0.3333333 27.5 2 0
000014.jpg 0.3333333 27.5 2 0
000015.jpg 0.3333333 27.5 2 0
000016.jpg 0.3333333 27.5 2 0
000017.jpg 0.3333333 27.5 2 0
000018.jpg 0.3333333 27.5 2 0
000019.jpg 0.3333333 27.5 2 0
000020.jpg 0.3333333 27.5 2 0
000021.jpg 0.3333333 27.5 2 0
000022.jpg 0.3333333 27.5 2 0
000023.jpg 0.3333333 27.5 2 0
000024.jpg 0.3333333 27.5 2 0
000025.jpg 0.3333333 27.5 2 0
000026.jpg 0.3333333 27.5 2 0
000027.jpg 0.3333333 27.5 2 0
000028.jpg 0.3333333 27.5 2 0
000029.jpg 0.3333333 27.5 2 0
000030.jpg 0.3333333 27.5 2 0
000031.jpg 0.3333333 27.5 2 0
000032.jpg 0.3333333 27.5 2 0
000033.jpg 0.3333333 27.5 2 0
000034.jpg 0.3333333 27.5 2 0
000035.jpg 0.3333333 27.5 2 0
000036.jpg 0.3333333 27.5 2 0
000037.jpg 0.3333333 27.5 2 0
000038.jpg 0.3333333 27.5 2 0
000039.jpg 0.3333333 27.5 2 0
000040.jpg 0.3333333 27.5 2 0
000041.jpg 0.3333333 27.5 2 0
000042.jpg 0.3333333 27.5 2 0
000043.jpg 0.3333333 27.5 2 0
000044.jpg 0.3333333 27.5 2 0
000045.jpg 0.3333333 27.5 2 0
000046.jpg 0.3333333 27.5 2 0
000047.jpg 0.3333333 27.5 2 0
000048.jpg 0.3333333 27.5 2 0
000049.jpg 0.3333333 27.5 2 0
000050.jpg 0.3333333 27.5 2 0
000051.jpg 0.3333333 27.5 2 0
000052.jpg 0.3333333 27.5 2 0
000053.jpg 0.3333333 27.5 2 0
000054.jpg 0.3333333 27.5 2 0
000055.jpg 0.3333333 27.5 2 0
000056.jpg 0.3333333 27.5 2 0
000057.jpg 0.3333333 27.5 2 0
000058.jpg 0.3333333 27.5 2 0
000059.jpg 0.3333333 27.5 2 0
000060.jpg 0.3333333 27.5 2 0
000061.jpg 0.3333333 27.5 2 0
